  625
    1     193.716632      49.737977       0.000000
    2     175.261336      96.350735       0.000000
    3     145.793725     136.909421       0.000000
    4     107.165359     168.865585       0.000000
    5      61.803399     190.211303       0.000000
    6      12.558104     199.605346       0.000000
    7     -37.476263     196.457450       0.000000
    8     -85.155858     180.965410       0.000000
    9    -127.484798     154.102649       0.000000
   10    -161.803399     117.557050       0.000000
   11    -185.955297      73.624911       0.000000
   12    -198.422940      25.066647       0.000000
   13    -198.422940     -25.066647       0.000000
   14    -185.955297     -73.624911       0.000000
   15    -161.803399    -117.557050       0.000000
   16    -127.484798    -154.102649       0.000000
   17     -85.155858    -180.965410       0.000000
   18     -37.476263    -196.457450       0.000000
   19      12.558104    -199.605346       0.000000
   20      61.803399    -190.211303       0.000000
   21     107.165359    -168.865585       0.000000
   22     145.793725    -136.909421       0.000000
   23     175.261336     -96.350735       0.000000
   24     193.716632     -49.737977       0.000000
   25     200.000000      -0.000000       0.000000
   26     196.759630      50.519286     -24.869000
   27     178.014429      97.864260     -24.869000
   28     148.083926     139.060063     -24.869000
   29     108.848766     171.518210     -24.869000
   30      62.774238     193.199238     -24.869000
   31      12.755373     202.740846     -24.869000
   32     -38.064959     199.543502     -24.869000
   33     -86.493529     183.808106     -24.869000
   34    -129.487393     156.523370     -24.869000
   35    -164.345088     119.403695     -24.869000
   36    -188.876376      74.781447     -24.869000
   37    -201.539867      25.460406     -24.869000
   38    -201.539867     -25.460406     -24.869000
   39    -188.876376     -74.781447     -24.869000
   40    -164.345088    -119.403695     -24.869000
   41    -129.487393    -156.523370     -24.869000
   42     -86.493529    -183.808106     -24.869000
   43     -38.064959    -199.543502     -24.869000
   44      12.755373    -202.740846     -24.869000
   45      62.774238    -193.199238     -24.869000
   46     108.848766    -171.518210     -24.869000
   47     148.083926    -139.060063     -24.869000
   48     178.014429     -97.864260     -24.869000
   49     196.759630     -50.519286     -24.869000
   50     203.141700      -0.000000     -24.869000
   51     205.697328      52.814097     -48.175400
   52     186.100636     102.309691     -48.175400
   53     154.810557     145.376790     -48.175400
   54     113.793161     179.309331     -48.175400
   55      65.625723     201.975207     -48.175400
   56      13.334779     211.950238     -48.175400
   57     -39.794039     208.607656     -48.175400
   58     -90.422450     192.157488     -48.175400
   59    -135.369287     163.633358     -48.175400
   60    -171.810373     124.827543     -48.175400
   61    -197.455981      78.178354     -48.175400
   62    -210.694705      26.616931     -48.175400
   63    -210.694705     -26.616931     -48.175400
   64    -197.455981     -78.178354     -48.175400
   65    -171.810373    -124.827543     -48.175400
   66    -135.369287    -163.633358     -48.175400
   67     -90.422450    -192.157488     -48.175400
   68     -39.794039    -208.607656     -48.175400
   69      13.334779    -211.950238     -48.175400
   70      65.625723    -201.975207     -48.175400
   71     113.793161    -179.309331     -48.175400
   72     154.810557    -145.376790     -48.175400
   73     186.100636    -102.309691     -48.175400
   74     205.697328     -52.814097     -48.175400
   75     212.369300      -0.000000     -48.175400
   76     219.968238      56.478244     -68.454700
   77     199.011964     109.407753     -68.454700
   78     165.551035     155.462770     -68.454700
   79     121.687926     191.749489     -68.454700
   80      70.178717     215.987883     -68.454700
   81      14.259922     226.654964     -68.454700
   82     -42.554877     223.080480     -68.454700
   83     -96.695797     205.489029     -68.454700
   84    -144.760964     174.985946     -68.454700
   85    -183.730267     133.487853     -68.454700
   86    -211.155122      83.602227     -68.454700
   87    -225.312324      28.463566     -68.454700
   88    -225.312324     -28.463566     -68.454700
   89    -211.155122     -83.602227     -68.454700
   90    -183.730267    -133.487853     -68.454700
   91    -144.760964    -174.985946     -68.454700
   92     -96.695797    -205.489029     -68.454700
   93     -42.554877    -223.080480     -68.454700
   94      14.259922    -226.654964     -68.454700
   95      70.178717    -215.987883     -68.454700
   96     121.687926    -191.749489     -68.454700
   97     165.551035    -155.462770     -68.454700
   98     199.011964    -109.407753     -68.454700
   99     219.968238     -56.478244     -68.454700
  100     227.103100      -0.000000     -68.454700
  101     238.675647      61.281491     -84.432800
  102     215.937126     118.712440     -84.432800
  103     179.630481     168.684250     -84.432800
  104     132.036992     208.057008     -84.432800
  105      76.147133     234.356779     -84.432800
  106      15.472670     245.931052     -84.432800
  107     -46.173998     242.052572     -84.432800
  108    -104.919383     222.965039     -84.432800
  109    -157.072299     189.867793     -84.432800
  110    -199.355783     144.840455     -84.432800
  111    -229.113011      90.712258     -84.432800
  112    -244.474226      30.884277     -84.432800
  113    -244.474226     -30.884277     -84.432800
  114    -229.113011     -90.712258     -84.432800
  115    -199.355783    -144.840455     -84.432800
  116    -157.072299    -189.867793     -84.432800
  117    -104.919383    -222.965039     -84.432800
  118     -46.173998    -242.052572     -84.432800
  119      15.472670    -245.931052     -84.432800
  120      76.147133    -234.356779     -84.432800
  121     132.036992    -208.057008     -84.432800
  122     179.630481    -168.684250     -84.432800
  123     215.937126    -118.712440     -84.432800
  124     238.675647     -61.281491     -84.432800
  125     246.417300      -0.000000     -84.432800
  126     260.644082      66.922026     -95.105700
  127     235.812638     129.639095     -95.105700
  128     196.164218     184.210462     -95.105700
  129     144.190080     227.207209     -95.105700
  130      83.155948     255.927692     -95.105700
  131      16.896822     268.567296     -95.105700
  132     -50.423993     264.331829     -95.105700
  133    -114.576484     243.487422     -95.105700
  134    -171.529712     207.343804     -95.105700
  135    -217.705098     158.172012     -95.105700
  136    -250.201272      99.061691     -95.105700
  137    -266.976380      33.726960     -95.105700
  138    -266.976380     -33.726960     -95.105700
  139    -250.201272     -99.061691     -95.105700
  140    -217.705098    -158.172012     -95.105700
  141    -171.529712    -207.343804     -95.105700
  142    -114.576484    -243.487422     -95.105700
  143     -50.423993    -264.331829     -95.105700
  144      16.896822    -268.567296     -95.105700
  145      83.155948    -255.927692     -95.105700
  146     144.190080    -227.207209     -95.105700
  147     196.164218    -184.210462     -95.105700
  148     235.812638    -129.639095     -95.105700
  149     260.644082     -66.922026     -95.105700
  150     269.098300      -0.000000     -95.105700
  151     284.493118      73.045417     -99.802700
  152     257.389587     141.501123     -99.802700
  153     214.113321     201.065792     -99.802700
  154     157.383528     247.996758     -99.802700
  155      90.764750     279.345176     -99.802700
  156      18.442888     293.141309     -99.802700
  157     -55.037808     288.518295     -99.802700
  158    -125.060277     265.766616     -99.802700
  159    -187.224748     226.315843     -99.802700
  160    -237.625200     172.644813     -99.802700
  161    -273.094786     108.125875     -99.802700
  162    -291.404823      36.812990     -99.802700
  163    -291.404823     -36.812990     -99.802700
  164    -273.094786    -108.125875     -99.802700
  165    -237.625200    -172.644813     -99.802700
  166    -187.224748    -226.315843     -99.802700
  167    -125.060277    -265.766616     -99.802700
  168     -55.037808    -288.518295     -99.802700
  169      18.442888    -293.141309     -99.802700
  170      90.764750    -279.345176     -99.802700
  171     157.383528    -247.996758     -99.802700
  172     214.113321    -201.065792     -99.802700
  173     257.389587    -141.501123     -99.802700
  174     284.493118     -73.045417     -99.802700
  175     293.720900      -0.000000     -99.802700
  176     308.724356      79.266942     -98.228700
  177     279.312326     153.553251     -98.228700
  178     232.350075     218.191244     -98.228700
  179     170.788415     269.119479     -98.228700
  180      98.495490     303.137947     -98.228700
  181      20.013731     318.109143     -98.228700
  182     -59.725564     313.092372     -98.228700
  183    -135.712082     288.402856     -98.228700
  184    -203.171311     245.591927     -98.228700
  185    -257.864540     187.349555     -98.228700
  186    -296.355191     117.335320     -98.228700
  187    -316.224755      39.948477     -98.228700
  188    -316.224755     -39.948477     -98.228700
  189    -296.355191    -117.335320     -98.228700
  190    -257.864540    -187.349555     -98.228700
  191    -203.171311    -245.591927     -98.228700
  192    -135.712082    -288.402856     -98.228700
  193     -59.725564    -313.092372     -98.228700
  194      20.013731    -318.109143     -98.228700
  195      98.495490    -303.137947     -98.228700
  196     170.788415    -269.119479     -98.228700
  197     232.350075    -218.191244     -98.228700
  198     279.312326    -153.553251     -98.228700
  199     308.724356     -79.266942     -98.228700
  200     318.738100      -0.000000     -98.228700
  201     331.815185      85.195659     -90.482700
  202     300.203302     165.038162     -90.482700
  203     249.728542     234.510710     -90.482700
  204     183.562418     289.248088     -90.482700
  205     105.862393     325.810944     -90.482700
  206      21.510644     341.901901     -90.482700
  207     -64.192697     336.509904     -90.482700
  208    -145.862576     309.973751     -90.482700
  209    -218.367372     263.960809     -90.482700
  210    -277.151343     201.362237     -90.482700
  211    -318.520876     126.111336     -90.482700
  212    -339.876571      42.936396     -90.482700
  213    -339.876571     -42.936396     -90.482700
  214    -318.520876    -126.111336     -90.482700
  215    -277.151343    -201.362237     -90.482700
  216    -218.367372    -263.960809     -90.482700
  217    -145.862576    -309.973751     -90.482700
  218     -64.192697    -336.509904     -90.482700
  219      21.510644    -341.901901     -90.482700
  220     105.862393    -325.810944     -90.482700
  221     183.562418    -289.248088     -90.482700
  222     249.728542    -234.510710     -90.482700
  223     300.203302    -165.038162     -90.482700
  224     331.815185     -85.195659     -90.482700
  225     342.577900      -0.000000     -90.482700
  226     352.314764      90.459056     -77.051300
  227     318.749895     175.234238     -77.051300
  228     265.156798     248.998807     -77.051300
  229     194.902924     307.117866     -77.051300
  230     112.402583     345.939580     -77.051300
  231      22.839574     363.024637     -77.051300
  232     -68.158529     357.299522     -77.051300
  233    -154.873981     329.123964     -77.051300
  234    -231.858132     280.268336     -77.051300
  235    -294.273783     213.802418     -77.051300
  236    -338.199130     133.902508     -77.051300
  237    -360.874183      45.589011     -77.051300
  238    -360.874183     -45.589011     -77.051300
  239    -338.199130    -133.902508     -77.051300
  240    -294.273783    -213.802418     -77.051300
  241    -231.858132    -280.268336     -77.051300
  242    -154.873981    -329.123964     -77.051300
  243     -68.158529    -357.299522     -77.051300
  244      22.839574    -363.024637     -77.051300
  245     112.402583    -345.939580     -77.051300
  246     194.902924    -307.117866     -77.051300
  247     265.156798    -248.998807     -77.051300
  248     318.749895    -175.234238     -77.051300
  249     352.314764     -90.459056     -77.051300
  250     363.742400      -0.000000     -77.051300
  251     368.934973      94.726401     -58.778500
  252     333.786704     183.500793     -58.778500
  253     277.665389     260.745156     -58.778500
  254     204.097337     321.605942     -58.778500
  255     117.705098     362.259044     -58.778500
  256      23.917016     380.150078     -58.778500
  257     -71.373861     374.154884     -58.778500
  258    -162.180056     344.650162     -58.778500
  259    -242.795881     293.489804     -58.778500
  260    -308.155948     223.888402     -58.778500
  261    -354.153444     140.219268     -58.778500
  262    -377.898176      47.739642     -58.778500
  263    -377.898176     -47.739642     -58.778500
  264    -354.153444    -140.219268     -58.778500
  265    -308.155948    -223.888402     -58.778500
  266    -242.795881    -293.489804     -58.778500
  267    -162.180056    -344.650162     -58.778500
  268     -71.373861    -374.154884     -58.778500
  269      23.917016    -380.150078     -58.778500
  270     117.705098    -362.259044     -58.778500
  271     204.097337    -321.605942     -58.778500
  272     277.665389    -260.745156     -58.778500
  273     333.786704    -183.500793     -58.778500
  274     368.934973     -94.726401     -58.778500
  275     380.901700      -0.000000     -58.778500
  276     380.631486      97.729555     -36.812500
  277     344.368896     189.318403     -36.812500
  278     286.468342     269.011679     -36.812500
  279     210.567928     331.801962     -36.812500
  280     121.436757     373.743907     -36.812500
  281      24.675268     392.202148     -36.812500
  282     -73.636659     386.016886     -36.812500
  283    -167.321724     355.576763     -36.812500
  284    -250.493350     302.794445     -36.812500
  285    -317.925557     230.986438     -36.812500
  286    -365.381332     144.664703     -36.812500
  287    -389.878854      49.253153     -36.812500
  288    -389.878854     -49.253153     -36.812500
  289    -365.381332    -144.664703     -36.812500
  290    -317.925557    -230.986438     -36.812500
  291    -250.493350    -302.794445     -36.812500
  292    -167.321724    -355.576763     -36.812500
  293     -73.636659    -386.016886     -36.812500
  294      24.675268    -392.202148     -36.812500
  295     121.436757    -373.743907     -36.812500
  296     210.567928    -331.801962     -36.812500
  297     286.468342    -269.011679     -36.812500
  298     344.368896    -189.318403     -36.812500
  299     380.631486     -97.729555     -36.812500
  300     392.977600      -0.000000     -36.812500
  301     386.669537      99.279863     -12.533300
  302     349.831704     192.321607     -12.533300
  303     291.012659     273.279077     -12.533300
  304     213.908219     337.065418     -12.533300
  305     123.363138     379.672698     -12.533300
  306      25.066697     398.423747     -12.533300
  307     -74.804776     392.140367     -12.533300
  308    -169.975990     361.217365     -12.533300
  309    -254.466987     307.597747     -12.533300
  310    -322.968888     234.650632     -12.533300
  311    -371.177466     146.959555     -12.533300
  312    -396.063598      50.034468     -12.533300
  313    -396.063598     -50.034468     -12.533300
  314    -371.177466    -146.959555     -12.533300
  315    -322.968888    -234.650632     -12.533300
  316    -254.466987    -307.597747     -12.533300
  317    -169.975990    -361.217365     -12.533300
  318     -74.804776    -392.140367     -12.533300
  319      25.066697    -398.423747     -12.533300
  320     123.363138    -379.672698     -12.533300
  321     213.908219    -337.065418     -12.533300
  322     291.012659    -273.279077     -12.533300
  323     349.831704    -192.321607     -12.533300
  324     386.669537     -99.279863     -12.533300
  325     399.211500      -0.000000     -12.533300
  326     386.669537      99.279863      12.533300
  327     349.831704     192.321607      12.533300
  328     291.012659     273.279077      12.533300
  329     213.908219     337.065418      12.533300
  330     123.363138     379.672698      12.533300
  331      25.066697     398.423747      12.533300
  332     -74.804776     392.140367      12.533300
  333    -169.975990     361.217365      12.533300
  334    -254.466987     307.597747      12.533300
  335    -322.968888     234.650632      12.533300
  336    -371.177466     146.959555      12.533300
  337    -396.063598      50.034468      12.533300
  338    -396.063598     -50.034468      12.533300
  339    -371.177466    -146.959555      12.533300
  340    -322.968888    -234.650632      12.533300
  341    -254.466987    -307.597747      12.533300
  342    -169.975990    -361.217365      12.533300
  343     -74.804776    -392.140367      12.533300
  344      25.066697    -398.423747      12.533300
  345     123.363138    -379.672698      12.533300
  346     213.908219    -337.065418      12.533300
  347     291.012659    -273.279077      12.533300
  348     349.831704    -192.321607      12.533300
  349     386.669537     -99.279863      12.533300
  350     399.211500      -0.000000      12.533300
  351     380.631486      97.729555      36.812500
  352     344.368896     189.318403      36.812500
  353     286.468342     269.011679      36.812500
  354     210.567928     331.801962      36.812500
  355     121.436757     373.743907      36.812500
  356      24.675268     392.202148      36.812500
  357     -73.636659     386.016886      36.812500
  358    -167.321724     355.576763      36.812500
  359    -250.493350     302.794445      36.812500
  360    -317.925557     230.986438      36.812500
  361    -365.381332     144.664703      36.812500
  362    -389.878854      49.253153      36.812500
  363    -389.878854     -49.253153      36.812500
  364    -365.381332    -144.664703      36.812500
  365    -317.925557    -230.986438      36.812500
  366    -250.493350    -302.794445      36.812500
  367    -167.321724    -355.576763      36.812500
  368     -73.636659    -386.016886      36.812500
  369      24.675268    -392.202148      36.812500
  370     121.436757    -373.743907      36.812500
  371     210.567928    -331.801962      36.812500
  372     286.468342    -269.011679      36.812500
  373     344.368896    -189.318403      36.812500
  374     380.631486     -97.729555      36.812500
  375     392.977600      -0.000000      36.812500
  376     368.934973      94.726401      58.778500
  377     333.786704     183.500793      58.778500
  378     277.665389     260.745156      58.778500
  379     204.097337     321.605942      58.778500
  380     117.705098     362.259044      58.778500
  381      23.917016     380.150078      58.778500
  382     -71.373861     374.154884      58.778500
  383    -162.180056     344.650162      58.778500
  384    -242.795881     293.489804      58.778500
  385    -308.155948     223.888402      58.778500
  386    -354.153444     140.219268      58.778500
  387    -377.898176      47.739642      58.778500
  388    -377.898176     -47.739642      58.778500
  389    -354.153444    -140.219268      58.778500
  390    -308.155948    -223.888402      58.778500
  391    -242.795881    -293.489804      58.778500
  392    -162.180056    -344.650162      58.778500
  393     -71.373861    -374.154884      58.778500
  394      23.917016    -380.150078      58.778500
  395     117.705098    -362.259044      58.778500
  396     204.097337    -321.605942      58.778500
  397     277.665389    -260.745156      58.778500
  398     333.786704    -183.500793      58.778500
  399     368.934973     -94.726401      58.778500
  400     380.901700      -0.000000      58.778500
  401     352.314764      90.459056      77.051300
  402     318.749895     175.234238      77.051300
  403     265.156798     248.998807      77.051300
  404     194.902924     307.117866      77.051300
  405     112.402583     345.939580      77.051300
  406      22.839574     363.024637      77.051300
  407     -68.158529     357.299522      77.051300
  408    -154.873981     329.123964      77.051300
  409    -231.858132     280.268336      77.051300
  410    -294.273783     213.802418      77.051300
  411    -338.199130     133.902508      77.051300
  412    -360.874183      45.589011      77.051300
  413    -360.874183     -45.589011      77.051300
  414    -338.199130    -133.902508      77.051300
  415    -294.273783    -213.802418      77.051300
  416    -231.858132    -280.268336      77.051300
  417    -154.873981    -329.123964      77.051300
  418     -68.158529    -357.299522      77.051300
  419      22.839574    -363.024637      77.051300
  420     112.402583    -345.939580      77.051300
  421     194.902924    -307.117866      77.051300
  422     265.156798    -248.998807      77.051300
  423     318.749895    -175.234238      77.051300
  424     352.314764     -90.459056      77.051300
  425     363.742400      -0.000000      77.051300
  426     331.815185      85.195659      90.482700
  427     300.203302     165.038162      90.482700
  428     249.728542     234.510710      90.482700
  429     183.562418     289.248088      90.482700
  430     105.862393     325.810944      90.482700
  431      21.510644     341.901901      90.482700
  432     -64.192697     336.509904      90.482700
  433    -145.862576     309.973751      90.482700
  434    -218.367372     263.960809      90.482700
  435    -277.151343     201.362237      90.482700
  436    -318.520876     126.111336      90.482700
  437    -339.876571      42.936396      90.482700
  438    -339.876571     -42.936396      90.482700
  439    -318.520876    -126.111336      90.482700
  440    -277.151343    -201.362237      90.482700
  441    -218.367372    -263.960809      90.482700
  442    -145.862576    -309.973751      90.482700
  443     -64.192697    -336.509904      90.482700
  444      21.510644    -341.901901      90.482700
  445     105.862393    -325.810944      90.482700
  446     183.562418    -289.248088      90.482700
  447     249.728542    -234.510710      90.482700
  448     300.203302    -165.038162      90.482700
  449     331.815185     -85.195659      90.482700
  450     342.577900      -0.000000      90.482700
  451     308.724356      79.266942      98.228700
  452     279.312326     153.553251      98.228700
  453     232.350075     218.191244      98.228700
  454     170.788415     269.119479      98.228700
  455      98.495490     303.137947      98.228700
  456      20.013731     318.109143      98.228700
  457     -59.725564     313.092372      98.228700
  458    -135.712082     288.402856      98.228700
  459    -203.171311     245.591927      98.228700
  460    -257.864540     187.349555      98.228700
  461    -296.355191     117.335320      98.228700
  462    -316.224755      39.948477      98.228700
  463    -316.224755     -39.948477      98.228700
  464    -296.355191    -117.335320      98.228700
  465    -257.864540    -187.349555      98.228700
  466    -203.171311    -245.591927      98.228700
  467    -135.712082    -288.402856      98.228700
  468     -59.725564    -313.092372      98.228700
  469      20.013731    -318.109143      98.228700
  470      98.495490    -303.137947      98.228700
  471     170.788415    -269.119479      98.228700
  472     232.350075    -218.191244      98.228700
  473     279.312326    -153.553251      98.228700
  474     308.724356     -79.266942      98.228700
  475     318.738100      -0.000000      98.228700
  476     284.493118      73.045417      99.802700
  477     257.389587     141.501123      99.802700
  478     214.113321     201.065792      99.802700
  479     157.383528     247.996758      99.802700
  480      90.764750     279.345176      99.802700
  481      18.442888     293.141309      99.802700
  482     -55.037808     288.518295      99.802700
  483    -125.060277     265.766616      99.802700
  484    -187.224748     226.315843      99.802700
  485    -237.625200     172.644813      99.802700
  486    -273.094786     108.125875      99.802700
  487    -291.404823      36.812990      99.802700
  488    -291.404823     -36.812990      99.802700
  489    -273.094786    -108.125875      99.802700
  490    -237.625200    -172.644813      99.802700
  491    -187.224748    -226.315843      99.802700
  492    -125.060277    -265.766616      99.802700
  493     -55.037808    -288.518295      99.802700
  494      18.442888    -293.141309      99.802700
  495      90.764750    -279.345176      99.802700
  496     157.383528    -247.996758      99.802700
  497     214.113321    -201.065792      99.802700
  498     257.389587    -141.501123      99.802700
  499     284.493118     -73.045417      99.802700
  500     293.720900      -0.000000      99.802700
  501     260.644082      66.922026      95.105700
  502     235.812638     129.639095      95.105700
  503     196.164218     184.210462      95.105700
  504     144.190080     227.207209      95.105700
  505      83.155948     255.927692      95.105700
  506      16.896822     268.567296      95.105700
  507     -50.423993     264.331829      95.105700
  508    -114.576484     243.487422      95.105700
  509    -171.529712     207.343804      95.105700
  510    -217.705098     158.172012      95.105700
  511    -250.201272      99.061691      95.105700
  512    -266.976380      33.726960      95.105700
  513    -266.976380     -33.726960      95.105700
  514    -250.201272     -99.061691      95.105700
  515    -217.705098    -158.172012      95.105700
  516    -171.529712    -207.343804      95.105700
  517    -114.576484    -243.487422      95.105700
  518     -50.423993    -264.331829      95.105700
  519      16.896822    -268.567296      95.105700
  520      83.155948    -255.927692      95.105700
  521     144.190080    -227.207209      95.105700
  522     196.164218    -184.210462      95.105700
  523     235.812638    -129.639095      95.105700
  524     260.644082     -66.922026      95.105700
  525     269.098300      -0.000000      95.105700
  526     238.675647      61.281491      84.432800
  527     215.937126     118.712440      84.432800
  528     179.630481     168.684250      84.432800
  529     132.036992     208.057008      84.432800
  530      76.147133     234.356779      84.432800
  531      15.472670     245.931052      84.432800
  532     -46.173998     242.052572      84.432800
  533    -104.919383     222.965039      84.432800
  534    -157.072299     189.867793      84.432800
  535    -199.355783     144.840455      84.432800
  536    -229.113011      90.712258      84.432800
  537    -244.474226      30.884277      84.432800
  538    -244.474226     -30.884277      84.432800
  539    -229.113011     -90.712258      84.432800
  540    -199.355783    -144.840455      84.432800
  541    -157.072299    -189.867793      84.432800
  542    -104.919383    -222.965039      84.432800
  543     -46.173998    -242.052572      84.432800
  544      15.472670    -245.931052      84.432800
  545      76.147133    -234.356779      84.432800
  546     132.036992    -208.057008      84.432800
  547     179.630481    -168.684250      84.432800
  548     215.937126    -118.712440      84.432800
  549     238.675647     -61.281491      84.432800
  550     246.417300      -0.000000      84.432800
  551     219.968238      56.478244      68.454700
  552     199.011964     109.407753      68.454700
  553     165.551035     155.462770      68.454700
  554     121.687926     191.749489      68.454700
  555      70.178717     215.987883      68.454700
  556      14.259922     226.654964      68.454700
  557     -42.554877     223.080480      68.454700
  558     -96.695797     205.489029      68.454700
  559    -144.760964     174.985946      68.454700
  560    -183.730267     133.487853      68.454700
  561    -211.155122      83.602227      68.454700
  562    -225.312324      28.463566      68.454700
  563    -225.312324     -28.463566      68.454700
  564    -211.155122     -83.602227      68.454700
  565    -183.730267    -133.487853      68.454700
  566    -144.760964    -174.985946      68.454700
  567     -96.695797    -205.489029      68.454700
  568     -42.554877    -223.080480      68.454700
  569      14.259922    -226.654964      68.454700
  570      70.178717    -215.987883      68.454700
  571     121.687926    -191.749489      68.454700
  572     165.551035    -155.462770      68.454700
  573     199.011964    -109.407753      68.454700
  574     219.968238     -56.478244      68.454700
  575     227.103100      -0.000000      68.454700
  576     205.697328      52.814097      48.175400
  577     186.100636     102.309691      48.175400
  578     154.810557     145.376790      48.175400
  579     113.793161     179.309331      48.175400
  580      65.625723     201.975207      48.175400
  581      13.334779     211.950238      48.175400
  582     -39.794039     208.607656      48.175400
  583     -90.422450     192.157488      48.175400
  584    -135.369287     163.633358      48.175400
  585    -171.810373     124.827543      48.175400
  586    -197.455981      78.178354      48.175400
  587    -210.694705      26.616931      48.175400
  588    -210.694705     -26.616931      48.175400
  589    -197.455981     -78.178354      48.175400
  590    -171.810373    -124.827543      48.175400
  591    -135.369287    -163.633358      48.175400
  592     -90.422450    -192.157488      48.175400
  593     -39.794039    -208.607656      48.175400
  594      13.334779    -211.950238      48.175400
  595      65.625723    -201.975207      48.175400
  596     113.793161    -179.309331      48.175400
  597     154.810557    -145.376790      48.175400
  598     186.100636    -102.309691      48.175400
  599     205.697328     -52.814097      48.175400
  600     212.369300      -0.000000      48.175400
  601     196.759630      50.519286      24.869000
  602     178.014429      97.864260      24.869000
  603     148.083926     139.060063      24.869000
  604     108.848766     171.518210      24.869000
  605      62.774238     193.199238      24.869000
  606      12.755373     202.740846      24.869000
  607     -38.064959     199.543502      24.869000
  608     -86.493529     183.808106      24.869000
  609    -129.487393     156.523370      24.869000
  610    -164.345088     119.403695      24.869000
  611    -188.876376      74.781447      24.869000
  612    -201.539867      25.460406      24.869000
  613    -201.539867     -25.460406      24.869000
  614    -188.876376     -74.781447      24.869000
  615    -164.345088    -119.403695      24.869000
  616    -129.487393    -156.523370      24.869000
  617     -86.493529    -183.808106      24.869000
  618     -38.064959    -199.543502      24.869000
  619      12.755373    -202.740846      24.869000
  620      62.774238    -193.199238      24.869000
  621     108.848766    -171.518210      24.869000
  622     148.083926    -139.060063      24.869000
  623     178.014429     -97.864260      24.869000
  624     196.759630     -50.519286      24.869000
  625     203.141700      -0.000000      24.869000
    1
  625
    4    1    2   27   26
    4    2    3   28   27
    4    3    4   29   28
    4    4    5   30   29
    4    5    6   31   30
    4    6    7   32   31
    4    7    8   33   32
    4    8    9   34   33
    4    9   10   35   34
    4   10   11   36   35
    4   11   12   37   36
    4   12   13   38   37
    4   13   14   39   38
    4   14   15   40   39
    4   15   16   41   40
    4   16   17   42   41
    4   17   18   43   42
    4   18   19   44   43
    4   19   20   45   44
    4   20   21   46   45
    4   21   22   47   46
    4   22   23   48   47
    4   23   24   49   48
    4   24   25   50   49
    4   25    1   26   50
    4   26   27   52   51
    4   27   28   53   52
    4   28   29   54   53
    4   29   30   55   54
    4   30   31   56   55
    4   31   32   57   56
    4   32   33   58   57
    4   33   34   59   58
    4   34   35   60   59
    4   35   36   61   60
    4   36   37   62   61
    4   37   38   63   62
    4   38   39   64   63
    4   39   40   65   64
    4   40   41   66   65
    4   41   42   67   66
    4   42   43   68   67
    4   43   44   69   68
    4   44   45   70   69
    4   45   46   71   70
    4   46   47   72   71
    4   47   48   73   72
    4   48   49   74   73
    4   49   50   75   74
    4   50   26   51   75
    4   51   52   77   76
    4   52   53   78   77
    4   53   54   79   78
    4   54   55   80   79
    4   55   56   81   80
    4   56   57   82   81
    4   57   58   83   82
    4   58   59   84   83
    4   59   60   85   84
    4   60   61   86   85
    4   61   62   87   86
    4   62   63   88   87
    4   63   64   89   88
    4   64   65   90   89
    4   65   66   91   90
    4   66   67   92   91
    4   67   68   93   92
    4   68   69   94   93
    4   69   70   95   94
    4   70   71   96   95
    4   71   72   97   96
    4   72   73   98   97
    4   73   74   99   98
    4   74   75  100   99
    4   75   51   76  100
    4   76   77  102  101
    4   77   78  103  102
    4   78   79  104  103
    4   79   80  105  104
    4   80   81  106  105
    4   81   82  107  106
    4   82   83  108  107
    4   83   84  109  108
    4   84   85  110  109
    4   85   86  111  110
    4   86   87  112  111
    4   87   88  113  112
    4   88   89  114  113
    4   89   90  115  114
    4   90   91  116  115
    4   91   92  117  116
    4   92   93  118  117
    4   93   94  119  118
    4   94   95  120  119
    4   95   96  121  120
    4   96   97  122  121
    4   97   98  123  122
    4   98   99  124  123
    4   99  100  125  124
    4  100   76  101  125
    4  101  102  127  126
    4  102  103  128  127
    4  103  104  129  128
    4  104  105  130  129
    4  105  106  131  130
    4  106  107  132  131
    4  107  108  133  132
    4  108  109  134  133
    4  109  110  135  134
    4  110  111  136  135
    4  111  112  137  136
    4  112  113  138  137
    4  113  114  139  138
    4  114  115  140  139
    4  115  116  141  140
    4  116  117  142  141
    4  117  118  143  142
    4  118  119  144  143
    4  119  120  145  144
    4  120  121  146  145
    4  121  122  147  146
    4  122  123  148  147
    4  123  124  149  148
    4  124  125  150  149
    4  125  101  126  150
    4  126  127  152  151
    4  127  128  153  152
    4  128  129  154  153
    4  129  130  155  154
    4  130  131  156  155
    4  131  132  157  156
    4  132  133  158  157
    4  133  134  159  158
    4  134  135  160  159
    4  135  136  161  160
    4  136  137  162  161
    4  137  138  163  162
    4  138  139  164  163
    4  139  140  165  164
    4  140  141  166  165
    4  141  142  167  166
    4  142  143  168  167
    4  143  144  169  168
    4  144  145  170  169
    4  145  146  171  170
    4  146  147  172  171
    4  147  148  173  172
    4  148  149  174  173
    4  149  150  175  174
    4  150  126  151  175
    4  151  152  177  176
    4  152  153  178  177
    4  153  154  179  178
    4  154  155  180  179
    4  155  156  181  180
    4  156  157  182  181
    4  157  158  183  182
    4  158  159  184  183
    4  159  160  185  184
    4  160  161  186  185
    4  161  162  187  186
    4  162  163  188  187
    4  163  164  189  188
    4  164  165  190  189
    4  165  166  191  190
    4  166  167  192  191
    4  167  168  193  192
    4  168  169  194  193
    4  169  170  195  194
    4  170  171  196  195
    4  171  172  197  196
    4  172  173  198  197
    4  173  174  199  198
    4  174  175  200  199
    4  175  151  176  200
    4  176  177  202  201
    4  177  178  203  202
    4  178  179  204  203
    4  179  180  205  204
    4  180  181  206  205
    4  181  182  207  206
    4  182  183  208  207
    4  183  184  209  208
    4  184  185  210  209
    4  185  186  211  210
    4  186  187  212  211
    4  187  188  213  212
    4  188  189  214  213
    4  189  190  215  214
    4  190  191  216  215
    4  191  192  217  216
    4  192  193  218  217
    4  193  194  219  218
    4  194  195  220  219
    4  195  196  221  220
    4  196  197  222  221
    4  197  198  223  222
    4  198  199  224  223
    4  199  200  225  224
    4  200  176  201  225
    4  201  202  227  226
    4  202  203  228  227
    4  203  204  229  228
    4  204  205  230  229
    4  205  206  231  230
    4  206  207  232  231
    4  207  208  233  232
    4  208  209  234  233
    4  209  210  235  234
    4  210  211  236  235
    4  211  212  237  236
    4  212  213  238  237
    4  213  214  239  238
    4  214  215  240  239
    4  215  216  241  240
    4  216  217  242  241
    4  217  218  243  242
    4  218  219  244  243
    4  219  220  245  244
    4  220  221  246  245
    4  221  222  247  246
    4  222  223  248  247
    4  223  224  249  248
    4  224  225  250  249
    4  225  201  226  250
    4  226  227  252  251
    4  227  228  253  252
    4  228  229  254  253
    4  229  230  255  254
    4  230  231  256  255
    4  231  232  257  256
    4  232  233  258  257
    4  233  234  259  258
    4  234  235  260  259
    4  235  236  261  260
    4  236  237  262  261
    4  237  238  263  262
    4  238  239  264  263
    4  239  240  265  264
    4  240  241  266  265
    4  241  242  267  266
    4  242  243  268  267
    4  243  244  269  268
    4  244  245  270  269
    4  245  246  271  270
    4  246  247  272  271
    4  247  248  273  272
    4  248  249  274  273
    4  249  250  275  274
    4  250  226  251  275
    4  251  252  277  276
    4  252  253  278  277
    4  253  254  279  278
    4  254  255  280  279
    4  255  256  281  280
    4  256  257  282  281
    4  257  258  283  282
    4  258  259  284  283
    4  259  260  285  284
    4  260  261  286  285
    4  261  262  287  286
    4  262  263  288  287
    4  263  264  289  288
    4  264  265  290  289
    4  265  266  291  290
    4  266  267  292  291
    4  267  268  293  292
    4  268  269  294  293
    4  269  270  295  294
    4  270  271  296  295
    4  271  272  297  296
    4  272  273  298  297
    4  273  274  299  298
    4  274  275  300  299
    4  275  251  276  300
    4  276  277  302  301
    4  277  278  303  302
    4  278  279  304  303
    4  279  280  305  304
    4  280  281  306  305
    4  281  282  307  306
    4  282  283  308  307
    4  283  284  309  308
    4  284  285  310  309
    4  285  286  311  310
    4  286  287  312  311
    4  287  288  313  312
    4  288  289  314  313
    4  289  290  315  314
    4  290  291  316  315
    4  291  292  317  316
    4  292  293  318  317
    4  293  294  319  318
    4  294  295  320  319
    4  295  296  321  320
    4  296  297  322  321
    4  297  298  323  322
    4  298  299  324  323
    4  299  300  325  324
    4  300  276  301  325
    4  301  302  327  326
    4  302  303  328  327
    4  303  304  329  328
    4  304  305  330  329
    4  305  306  331  330
    4  306  307  332  331
    4  307  308  333  332
    4  308  309  334  333
    4  309  310  335  334
    4  310  311  336  335
    4  311  312  337  336
    4  312  313  338  337
    4  313  314  339  338
    4  314  315  340  339
    4  315  316  341  340
    4  316  317  342  341
    4  317  318  343  342
    4  318  319  344  343
    4  319  320  345  344
    4  320  321  346  345
    4  321  322  347  346
    4  322  323  348  347
    4  323  324  349  348
    4  324  325  350  349
    4  325  301  326  350
    4  326  327  352  351
    4  327  328  353  352
    4  328  329  354  353
    4  329  330  355  354
    4  330  331  356  355
    4  331  332  357  356
    4  332  333  358  357
    4  333  334  359  358
    4  334  335  360  359
    4  335  336  361  360
    4  336  337  362  361
    4  337  338  363  362
    4  338  339  364  363
    4  339  340  365  364
    4  340  341  366  365
    4  341  342  367  366
    4  342  343  368  367
    4  343  344  369  368
    4  344  345  370  369
    4  345  346  371  370
    4  346  347  372  371
    4  347  348  373  372
    4  348  349  374  373
    4  349  350  375  374
    4  350  326  351  375
    4  351  352  377  376
    4  352  353  378  377
    4  353  354  379  378
    4  354  355  380  379
    4  355  356  381  380
    4  356  357  382  381
    4  357  358  383  382
    4  358  359  384  383
    4  359  360  385  384
    4  360  361  386  385
    4  361  362  387  386
    4  362  363  388  387
    4  363  364  389  388
    4  364  365  390  389
    4  365  366  391  390
    4  366  367  392  391
    4  367  368  393  392
    4  368  369  394  393
    4  369  370  395  394
    4  370  371  396  395
    4  371  372  397  396
    4  372  373  398  397
    4  373  374  399  398
    4  374  375  400  399
    4  375  351  376  400
    4  376  377  402  401
    4  377  378  403  402
    4  378  379  404  403
    4  379  380  405  404
    4  380  381  406  405
    4  381  382  407  406
    4  382  383  408  407
    4  383  384  409  408
    4  384  385  410  409
    4  385  386  411  410
    4  386  387  412  411
    4  387  388  413  412
    4  388  389  414  413
    4  389  390  415  414
    4  390  391  416  415
    4  391  392  417  416
    4  392  393  418  417
    4  393  394  419  418
    4  394  395  420  419
    4  395  396  421  420
    4  396  397  422  421
    4  397  398  423  422
    4  398  399  424  423
    4  399  400  425  424
    4  400  376  401  425
    4  401  402  427  426
    4  402  403  428  427
    4  403  404  429  428
    4  404  405  430  429
    4  405  406  431  430
    4  406  407  432  431
    4  407  408  433  432
    4  408  409  434  433
    4  409  410  435  434
    4  410  411  436  435
    4  411  412  437  436
    4  412  413  438  437
    4  413  414  439  438
    4  414  415  440  439
    4  415  416  441  440
    4  416  417  442  441
    4  417  418  443  442
    4  418  419  444  443
    4  419  420  445  444
    4  420  421  446  445
    4  421  422  447  446
    4  422  423  448  447
    4  423  424  449  448
    4  424  425  450  449
    4  425  401  426  450
    4  426  427  452  451
    4  427  428  453  452
    4  428  429  454  453
    4  429  430  455  454
    4  430  431  456  455
    4  431  432  457  456
    4  432  433  458  457
    4  433  434  459  458
    4  434  435  460  459
    4  435  436  461  460
    4  436  437  462  461
    4  437  438  463  462
    4  438  439  464  463
    4  439  440  465  464
    4  440  441  466  465
    4  441  442  467  466
    4  442  443  468  467
    4  443  444  469  468
    4  444  445  470  469
    4  445  446  471  470
    4  446  447  472  471
    4  447  448  473  472
    4  448  449  474  473
    4  449  450  475  474
    4  450  426  451  475
    4  451  452  477  476
    4  452  453  478  477
    4  453  454  479  478
    4  454  455  480  479
    4  455  456  481  480
    4  456  457  482  481
    4  457  458  483  482
    4  458  459  484  483
    4  459  460  485  484
    4  460  461  486  485
    4  461  462  487  486
    4  462  463  488  487
    4  463  464  489  488
    4  464  465  490  489
    4  465  466  491  490
    4  466  467  492  491
    4  467  468  493  492
    4  468  469  494  493
    4  469  470  495  494
    4  470  471  496  495
    4  471  472  497  496
    4  472  473  498  497
    4  473  474  499  498
    4  474  475  500  499
    4  475  451  476  500
    4  476  477  502  501
    4  477  478  503  502
    4  478  479  504  503
    4  479  480  505  504
    4  480  481  506  505
    4  481  482  507  506
    4  482  483  508  507
    4  483  484  509  508
    4  484  485  510  509
    4  485  486  511  510
    4  486  487  512  511
    4  487  488  513  512
    4  488  489  514  513
    4  489  490  515  514
    4  490  491  516  515
    4  491  492  517  516
    4  492  493  518  517
    4  493  494  519  518
    4  494  495  520  519
    4  495  496  521  520
    4  496  497  522  521
    4  497  498  523  522
    4  498  499  524  523
    4  499  500  525  524
    4  500  476  501  525
    4  501  502  527  526
    4  502  503  528  527
    4  503  504  529  528
    4  504  505  530  529
    4  505  506  531  530
    4  506  507  532  531
    4  507  508  533  532
    4  508  509  534  533
    4  509  510  535  534
    4  510  511  536  535
    4  511  512  537  536
    4  512  513  538  537
    4  513  514  539  538
    4  514  515  540  539
    4  515  516  541  540
    4  516  517  542  541
    4  517  518  543  542
    4  518  519  544  543
    4  519  520  545  544
    4  520  521  546  545
    4  521  522  547  546
    4  522  523  548  547
    4  523  524  549  548
    4  524  525  550  549
    4  525  501  526  550
    4  526  527  552  551
    4  527  528  553  552
    4  528  529  554  553
    4  529  530  555  554
    4  530  531  556  555
    4  531  532  557  556
    4  532  533  558  557
    4  533  534  559  558
    4  534  535  560  559
    4  535  536  561  560
    4  536  537  562  561
    4  537  538  563  562
    4  538  539  564  563
    4  539  540  565  564
    4  540  541  566  565
    4  541  542  567  566
    4  542  543  568  567
    4  543  544  569  568
    4  544  545  570  569
    4  545  546  571  570
    4  546  547  572  571
    4  547  548  573  572
    4  548  549  574  573
    4  549  550  575  574
    4  550  526  551  575
    4  551  552  577  576
    4  552  553  578  577
    4  553  554  579  578
    4  554  555  580  579
    4  555  556  581  580
    4  556  557  582  581
    4  557  558  583  582
    4  558  559  584  583
    4  559  560  585  584
    4  560  561  586  585
    4  561  562  587  586
    4  562  563  588  587
    4  563  564  589  588
    4  564  565  590  589
    4  565  566  591  590
    4  566  567  592  591
    4  567  568  593  592
    4  568  569  594  593
    4  569  570  595  594
    4  570  571  596  595
    4  571  572  597  596
    4  572  573  598  597
    4  573  574  599  598
    4  574  575  600  599
    4  575  551  576  600
    4  576  577  602  601
    4  577  578  603  602
    4  578  579  604  603
    4  579  580  605  604
    4  580  581  606  605
    4  581  582  607  606
    4  582  583  608  607
    4  583  584  609  608
    4  584  585  610  609
    4  585  586  611  610
    4  586  587  612  611
    4  587  588  613  612
    4  588  589  614  613
    4  589  590  615  614
    4  590  591  616  615
    4  591  592  617  616
    4  592  593  618  617
    4  593  594  619  618
    4  594  595  620  619
    4  595  596  621  620
    4  596  597  622  621
    4  597  598  623  622
    4  598  599  624  623
    4  599  600  625  624
    4  600  576  601  625
    4  601  602    2    1
    4  602  603    3    2
    4  603  604    4    3
    4  604  605    5    4
    4  605  606    6    5
    4  606  607    7    6
    4  607  608    8    7
    4  608  609    9    8
    4  609  610   10    9
    4  610  611   11   10
    4  611  612   12   11
    4  612  613   13   12
    4  613  614   14   13
    4  614  615   15   14
    4  615  616   16   15
    4  616  617   17   16
    4  617  618   18   17
    4  618  619   19   18
    4  619  620   20   19
    4  620  621   21   20
    4  621  622   22   21
    4  622  623   23   22
    4  623  624   24   23
    4  624  625   25   24
    4  625  601    1   25
